1501.01613
1707.02275v1
1908.10084
2002.02314
2007.05046
2012.03453
2205.01351
2207.08651
2210.11124
2212.08073
2307.07924
2308.03099
2308.07124
2311.03470
2311.09835
2311.17541v2
2312.01498
2312.17294
2402.02172
2402.10200
2402.13116v1
2402.13753
2402.15538
2403.08488
2407.08597
2407.15734
2409.16120
2410.00726
2410.06153
2411.02959v1
2411.04330
2411.04468v1
2411.08932
2411.09502
2412.13961
2501.08156
2501.10534
2501.15000v1
2502.01635
2502.05171
2502.12618
2502.12678
2502.13063
2502.18600
2503.03730
2503.13657
2503.18666
2503.19595
2503.23307
2504.02495
2504.13171
2504.20434
2505.04588
2505.13379
2505.17612
2505.22954
2506.05007
2506.07411
2506.11060
2506.11578
2506.23635
2507.00606
2507.09089
2507.13334
2508.08322
2509.06786
2510.03595
2510.04618
2510.20333
2510.21413
2510.26493
2511.09904
2511.10952
2511.11777
2511.11793
2511.12482
2511.13288
2511.13593
2511.14010
2511.14101
2511.14130
2511.14131
2511.14210
2511.14299
2511.14378
2511.14391
2511.14439
2511.14445
2511.14446
2511.14460
2511.14584
2511.14631
2511.14650
2511.14876
2511.14910
2511.15061
2511.15074
2511.15202
2511.15203
2511.15206
2511.15211
2511.15227
2511.15239
2511.15351
2511.15357
2511.15358
2511.15392
2511.15408
2511.15456
2511.15567
2511.15573
2511.15915
2511.15998
2511.16005
2511.16043
2511.16080
2511.16131
2511.16223
2511.16483
2511.16590
2511.16709
2511.17052
2511.17190
2511.17198
2511.17208
2511.17315
2511.17330
2511.17332
2511.17442
2511.17467
2511.17496
2511.17632
2511.17649
2511.17653
2511.17654
2511.17656
2511.17729
2511.17775
2511.17789
2511.17826
2511.17843
2511.17854
2511.17855
2511.17959
2511.18038
2511.18114
2511.18177
2511.18192
2511.18194
2511.18200
2511.18203
2511.18239
2511.18249
2511.18258
2511.18298
2511.18303
2511.18313
2511.18319
2511.18368
2511.18405
2511.18413
2511.18414
2511.18423
2511.18438
2511.18449
2511.18467
2511.18528
2511.18531
2511.18538
2511.18622
2511.18653
2511.18715
2511.18728
2511.18743
2511.18760
2511.18845
2511.18850
2511.18868
2511.18924
2511.18933
2511.19083
2511.19109
2511.19113
2511.19146
2511.19175
2511.19253
2511.19334
2511.19368
2511.19405
2511.19417
2511.19423
2511.19477
2511.19536
2511.19635
2511.19644
2511.19647
2511.19880
2511.19947
2511.19952
2511.20022
2511.20067
2511.20109
2511.20138
2511.20216
2511.20325
2511.20510
2511.20709
2511.20719
2511.20726
2511.20766
2511.20914
2511.21025
2511.21033
2511.21037
2511.21064
2511.21075
2511.21083
2511.21380
2511.21382
2511.21398
2511.21444
2511.21460
2511.21510
2511.21572
2511.21584
2511.21638
2511.21654
2511.21686
2511.21726
2511.22138
2511.22181
2511.22187
2511.22254
2511.22368
2511.22415
2511.22737
2511.22767
2511.23436
2512.00076
2512.00259
2512.00268
2512.00351
2512.00403
2512.00491
2512.00513
2512.00520
2512.00592
2512.00595
2512.00614
2512.00672
2512.00740
2512.00742
2512.00839
2512.00846
2512.01010
2512.01056
2512.01078
2512.01174
2512.01270
2512.01311
2512.01660
2512.01710
2512.01735
2512.01822
2512.01909
2512.01939
2512.01945
2512.01948
2512.01992
2512.02079
2512.02179
2512.02228
2512.02230
2512.02261
2512.02282
2512.02289
2512.02321
2512.02329
2512.02358
2512.02368
2512.02393
2512.02405
2512.02410
2512.02436
2512.02445
2512.02533
2512.02543
2512.02562
2512.02589
2512.02593
2512.02605
2512.02654
2512.02665
2512.02682
2512.02810
2512.02814
2512.02861
2512.02953
2512.02981
2512.03005
2512.03180
2512.03278
2512.03429
2512.03466
2512.03476
2512.03494
2512.03500
2512.03549
2512.03560
2512.03571
2512.03607
2512.03608
2512.03639
2512.03694
2512.03762
2512.03829
2512.03835
2512.03887
2512.03931
2512.03936
2512.03945
2512.03955
2512.04105
2512.04129
2512.04207
2512.04221
2512.04276
2512.04279
2512.04307
2512.04324
2512.04343
2512.04367
2512.04388
2512.04408
2512.04416
2512.04445
2512.04451
2512.04459
2512.04535
2512.04601
2512.04611
2512.04668
2512.04691
2512.04716
2512.04785
2512.04797
2512.04864
2512.04868
2512.04895
2512.04987
2512.04988
2512.05065
2512.05073
2512.05111
2512.05131
2512.05311
2512.05314
2512.05365
2512.05374
2512.05462
2512.05464
2512.05502
2512.05576
2512.05671
2512.05747
2512.05788
2512.05815
2512.05908
2512.05951
2512.06046
2512.06060
2512.06095
2512.06227
2512.06247
2512.06250
2512.06256
2512.06390
2512.06404
2512.06432
2512.06556
2512.06573
2512.06590
2512.06595
2512.06641
2512.06659
2512.06688
2512.06713
2512.06716
2512.06721
2512.06749
2512.06850
2512.06902
2512.06914
2512.06915
2512.06917
2512.07022
2512.07081
2512.07094
2512.07195
2512.07287
2512.07453
2512.07461
2512.07462
2512.07474
2512.07478
2512.07497
2512.07501
2512.07533
2512.07631
2512.07661
2512.07665
2512.07785
2512.07801
2512.07827
2512.07898
2512.07917
2512.07921
2512.07926
2512.08028
2512.08084
2512.08088
2512.08139
2512.08145
2512.08273
2512.08286
2512.08290
2512.08296
2512.08300
2512.08326
2512.08345
2512.08366
2512.08417
2512.08476
2512.08483
2512.08492
2512.08737
2512.08769
2512.08870
2512.09081
2512.09085
2512.09108
2512.09142
2512.09187
2512.09254
2512.09349
2512.09458
2512.09543
2512.09548
2512.09577
2512.09607
2512.09629
2512.09706
2512.09772
2512.09897
2512.09898